
  0.99999940   0.00000063 
  0.99999988   0.00000014 
  0.99999952   0.00000046 
  0.99999976   0.00000027 
  0.99999964   0.00000040 
  0.99999988   0.00000008 
  0.99999976   0.00000020 
  0.99999988   0.00000016 
  0.99999952   0.00000052 
  0.99999964   0.00000034 
  0.99999988   0.00000010 
  0.99999988   0.00000016 
  0.99999964   0.00000041 
  0.99999976   0.00000019 
  0.99999976   0.00000020 
  0.99999976   0.00000027 
  0.99999952   0.00000047 
  0.99999952   0.00000049 
  0.99999833   0.00000171 
  0.99999988   0.00000015 
  0.99999988   0.00000008 
  0.99999940   0.00000058 
  0.99999976   0.00000022 
  0.99999988   0.00000008 
  0.99999809   0.00000188 
  0.99999976   0.00000026 
  0.99999988   0.00000013 
  0.99999619   0.00000383 
  0.99999952   0.00000052 
  0.99999976   0.00000018 
  0.99999666   0.00000336 
  0.99999940   0.00000058 
  0.99999833   0.00000169 
  0.99999988   0.00000010 
  0.99999988   0.00000016 
  0.99999964   0.00000041 
  0.99999893   0.00000108 
  0.99999905   0.00000090 
  0.99999917   0.00000081 
  0.99999940   0.00000064 
  0.99999952   0.00000048 
  0.99999964   0.00000037 
  1.00000000   0.00000003 
  0.99999988   0.00000016 
  1.00000000   0.00000006 
  0.99999976   0.00000020 
  0.99999976   0.00000020 
  0.99999857   0.00000140 
  0.99999988   0.00000013 
  0.99999940   0.00000062 
  0.99999988   0.00000018 
  0.99999988   0.00000015 
  1.00000000   0.00000004 
  0.99999988   0.00000008 
  0.99999988   0.00000016 
  0.99999988   0.00000016 
  0.99999976   0.00000019 
  0.99999893   0.00000110 
  0.99999964   0.00000037 
  0.99999976   0.00000024 
  0.99999988   0.00000017 
  0.99999917   0.00000083 
  0.99999833   0.00000173 
  0.99999952   0.00000045 
  0.99999964   0.00000035 
  0.99999988   0.00000010 
  0.99999976   0.00000029 
  0.99999988   0.00000012 
  0.99999976   0.00000019 
  0.99999881   0.00000118 
  0.99999976   0.00000029 
  0.99999940   0.00000064 
  0.99999988   0.00000010 
  0.99999833   0.00000166 
  0.99999976   0.00000021 
  0.99999869   0.00000132 
  0.99999964   0.00000036 
  0.99999964   0.00000032 
  0.99999988   0.00000007 
  0.99999988   0.00000007 
  0.99999964   0.00000032 
  0.99999988   0.00000006 
  0.99999988   0.00000007 
  0.99999988   0.00000015 
  0.99999952   0.00000045 
  0.99999964   0.00000038 
  0.99999964   0.00000031 
  1.00000000   0.00000003 
  0.99999857   0.00000139 
  0.99999976   0.00000025 
  0.99999988   0.00000008 
  0.99999976   0.00000025 
  0.99999988   0.00000007 
  0.99999988   0.00000011 
  0.99999893   0.00000111 
  0.99999988   0.00000016 
  0.99999964   0.00000039 
  0.99999762   0.00000233 
  0.99999845   0.00000154 
  0.99999988   0.00000017 